1
2
3
4
5
0
6
0
0
0
0
0
0
0
7
8
0
0
9
10
11
12
13
0
0
14
15
16
17
0
18
19
0
20
0
21
22
0
23
0
0
24
0
0
25
26
27
0
28
29
30
31
32
118
0
0
0
119
120
33
34
0
35
0
36
37
0
38
39
40
121
41
42
43
44
45
0
122
123
46
47
48
49
0
50
51
52
0
0
53
54
124
55
56
0
57
58
59
60
61
125
0
0
62
63
0
0
64
65
66
67
68
0
69
70
126
71
0
72
73
74
0
75
0
127
76
0
77
78
0
79
80
0
0
81
0
0
0
0
0
0
82
83
0
0
0
0
84
0
0
85
0
86
0
87
88
89
90
91
0
0
0
92
93
94
95
96
97
98
99
100
101
0
102
103
104
0
0
105
0
128
0
106
130
107
0
108
109
110
111
112
113
114
115
0
0
129
116
117
0
