1
0
2
3
4
5
0
0
6
1120
0
1121
0
0
0
7
8
9
10
11
12
0
0
13
14
15
16
17
18
0
19
1122
20
21
22
23
24
0
25
0
26
0
0
1123
0
0
1124
27
0
28
29
1125
0
0
0
30
1271
31
32
33
1126
1127
0
34
0
1128
35
36
37
38
39
40
41
42
43
44
45
46
47
0
48
0
49
0
50
51
52
53
0
54
55
0
56
57
58
59
0
0
0
1129
1130
60
0
61
62
63
0
0
64
1131
1132
65
66
0
0
67
1133
0
0
68
69
70
71
0
1134
72
0
1135
0
0
73
1136
1137
0
0
74
0
0
0
0
75
76
77
1303
78
0
79
80
1138
0
81
0
82
83
1139
0
84
85
86
1272
1140
87
0
0
88
0
89
0
0
90
0
91
92
93
0
94
0
95
96
0
97
0
0
98
99
1141
100
101
102
1142
0
103
104
105
106
841
0
0
0
107
108
0
109
110
0
1143
111
0
1144
0
112
0
113
114
115
116
0
117
118
0
119
120
0
0
0
121
122
123
0
124
125
126
127
128
129
0
130
131
1145
0
132
0
1146
133
0
0
0
134
135
136
137
0
0
138
0
139
140
0
0
0
141
0
142
0
143
144
145
1147
0
146
147
0
0
148
1148
149
1273
150
0
151
152
153
154
1149
155
156
157
0
1150
158
159
160
161
162
1151
163
0
164
0
165
166
167
168
169
170
171
0
172
173
0
174
1274
0
1152
175
176
177
178
179
0
0
0
180
181
182
183
184
185
0
1153
186
187
188
0
1275
0
189
190
191
192
0
193
194
195
196
197
0
0
0
0
1276
198
0
0
199
1154
0
200
0
0
201
0
202
203
0
204
0
0
0
205
206
207
208
1155
0
209
210
1156
0
0
0
211
212
213
214
0
215
216
0
217
0
1157
218
219
220
221
222
0
223
0
224
0
0
225
226
227
0
228
229
230
231
232
233
234
235
1277
236
237
0
238
1278
239
0
240
241
242
243
244
0
1158
245
246
247
0
248
249
0
250
251
252
0
0
0
0
253
254
1159
0
255
1160
256
257
0
1161
0
0
0
258
259
260
0
1162
0
261
262
0
263
264
265
0
266
267
1163
268
269
0
270
271
272
273
1164
274
0
275
276
277
278
1165
279
0
280
0
0
0
281
0
282
283
284
285
286
287
288
1166
289
1167
0
0
290
291
1168
292
1279
293
1169
294
295
0
0
296
297
298
1170
0
0
299
300
0
301
1171
0
302
1172
0
303
304
0
305
306
1173
307
308
309
310
1174
311
312
313
314
0
315
0
0
0
316
0
317
0
318
319
320
321
0
322
323
324
325
1175
0
326
1176
327
1280
328
329
0
330
331
332
333
0
334
1177
0
0
335
1281
336
0
337
338
339
340
341
342
343
0
0
344
0
345
346
0
347
1178
348
349
0
0
0
1317
350
841
1179
351
352
353
354
0
355
356
357
358
0
359
360
361
362
363
364
365
0
1180
366
367
1181
0
0
368
369
1282
0
370
0
0
0
371
0
372
0
0
0
0
373
374
1182
375
376
377
0
841
378
0
379
0
380
381
1283
1284
0
382
383
384
0
0
0
1285
385
1183
386
0
0
387
0
388
389
0
390
391
0
392
393
394
395
396
0
0
397
398
0
399
400
401
402
1184
403
404
405
406
407
408
0
409
410
411
412
413
414
0
0
415
0
1185
416
417
418
419
420
421
0
422
0
0
0
0
0
423
424
0
425
0
426
0
427
428
0
429
0
430
431
432
0
0
0
433
434
0
435
0
0
436
437
438
439
0
440
441
0
442
0
1304
0
443
444
1186
0
445
0
0
0
0
446
447
0
0
0
448
0
449
450
451
0
0
452
453
1187
0
454
455
456
457
458
0
459
460
461
462
0
463
464
0
0
465
466
1188
467
468
469
0
470
471
472
1286
473
474
1189
0
475
0
476
0
0
477
478
479
480
481
0
0
0
482
1190
483
484
0
485
0
0
486
487
0
0
488
1191
489
490
491
492
493
494
495
1192
496
497
498
499
0
500
0
501
502
503
504
505
506
507
508
1312
0
0
0
509
0
510
1305
0
0
511
512
513
514
515
516
517
0
518
519
520
521
1193
1194
522
523
524
525
1195
526
527
528
529
0
530
531
532
513
1196
533
534
0
535
536
1313
537
0
538
539
540
541
0
0
542
543
1287
544
545
546
547
548
549
0
0
0
0
550
551
0
1197
552
1198
0
553
554
1199
555
0
0
556
0
557
558
559
560
561
562
563
564
0
565
0
566
0
567
1200
568
569
0
0
570
571
0
572
573
574
575
576
0
0
577
0
0
0
1201
578
579
0
580
581
0
582
583
584
1202
585
0
586
587
588
589
0
590
591
592
1288
593
594
1289
1203
1204
595
596
597
0
1205
0
0
0
598
599
0
0
600
601
0
602
0
603
16
0
0
604
605
606
0
607
0
608
0
609
610
611
0
0
0
612
1206
0
613
0
614
615
0
1207
616
0
1306
617
618
619
0
841
620
621
622
0
0
1208
0
1290
623
0
624
625
626
1209
0
0
627
0
628
629
630
0
631
0
1307
0
632
1210
0
633
634
0
0
635
636
0
637
638
639
0
640
641
0
0
642
643
644
0
0
0
1211
1212
1213
645
646
647
1214
0
1291
648
649
650
651
652
0
653
0
654
0
655
656
657
658
0
659
660
0
0
661
0
662
0
663
664
665
666
0
667
0
0
668
669
670
671
672
673
1215
674
1308
675
0
676
677
678
679
680
0
681
0
682
0
0
683
0
1216
0
0
0
684
685
686
687
688
689
690
0
691
0
0
0
1292
692
0
693
1217
694
695
696
0
0
697
698
699
0
700
701
702
703
704
0
0
705
706
707
708
0
0
709
710
711
712
713
0
714
1309
0
715
716
717
718
719
0
720
0
721
722
0
723
724
0
0
725
726
0
727
0
728
0
729
0
1218
730
731
732
733
0
0
0
0
734
735
0
736
0
1219
737
738
1220
0
739
740
0
741
0
742
0
0
0
0
743
0
744
745
0
746
747
748
0
749
0
0
0
0
750
751
0
752
753
1320
754
755
756
757
758
759
0
760
1123
0
0
0
0
0
0
0
0
0
1293
761
0
0
762
763
764
765
0
766
767
0
768
0
0
0
769
770
0
0
0
0
771
841
1221
1222
0
0
0
772
773
774
0
0
0
0
0
775
0
776
0
777
778
1223
779
780
781
0
0
782
1224
783
784
785
786
787
788
0
0
789
790
791
792
793
794
795
1225
1226
796
797
0
1314
1227
798
799
0
1228
0
1229
0
800
0
1230
0
0
801
802
803
804
0
805
806
807
0
808
809
0
1231
810
0
811
0
0
812
0
0
813
814
0
815
816
817
818
0
0
819
820
821
822
0
823
1232
1233
824
1234
825
1315
826
0
1235
0
827
1236
828
829
0
830
831
832
833
0
0
1294
834
0
0
0
835
841
836
837
838
1295
839
840
0
0
841
842
843
0
844
845
0
0
846
0
1237
0
0
847
848
1318
1238
849
0
850
0
851
852
1296
0
853
0
854
0
855
856
1287
857
858
859
860
861
0
862
1239
0
863
367
864
865
866
1240
867
868
869
0
870
871
1241
1242
872
1310
0
1243
0
873
874
1244
0
875
876
1245
877
878
879
880
881
1246
882
0
0
0
883
884
885
886
0
887
888
889
890
0
891
0
892
0
0
893
894
895
896
0
897
898
0
0
0
0
0
0
899
900
0
901
902
903
0
904
905
906
795
0
907
0
908
909
910
0
1297
0
0
0
911
0
0
0
0
912
913
1247
0
914
915
916
917
918
0
0
0
919
1248
920
921
1249
922
0
1250
923
0
924
925
926
927
1251
928
929
0
0
1252
930
0
931
0
1298
69
932
0
0
933
934
0
0
1319
0
0
935
936
937
938
939
940
941
942
943
944
0
1299
945
946
947
0
948
949
950
951
952
0
0
953
0
954
0
1300
955
956
957
0
958
959
0
960
961
962
963
964
965
0
1316
0
966
967
968
0
0
969
970
971
972
973
0
974
975
976
977
978
0
979
980
0
0
0
981
982
983
984
985
986
987
988
989
0
990
0
991
992
0
0
993
994
0
0
0
0
0
1253
995
1254
0
996
997
998
999
1245
0
0
1000
1001
1255
0
1002
0
0
0
1003
1004
0
1005
1006
1256
1007
1008
0
1257
1009
1010
1011
1012
1013
0
1258
1259
0
0
1014
1015
0
0
0
1016
1017
1018
0
0
0
0
1019
0
0
0
1260
1261
0
0
1020
0
1021
0
0
1022
1023
1024
1025
1262
1026
0
1027
0
1028
1029
1030
0
0
1031
0
0
1032
1033
1034
1035
1036
1037
1038
0
0
0
1039
0
0
1040
0
1041
0
0
1042
0
1043
0
0
1301
0
0
1044
1045
1046
1047
1263
0
0
0
1048
1049
1050
1051
1052
1053
0
1054
1055
0
0
0
1056
1057
1058
0
0
0
1059
1060
1061
0
0
1062
0
1063
1064
1065
1264
1066
1067
1068
1069
0
0
1070
1071
0
1072
1073
1074
1075
1076
0
1077
1312
1078
1079
0
1080
1081
1082
0
1083
0
0
1084
0
1085
1086
1087
0
1088
0
0
1265
1089
1090
0
1091
0
0
1092
0
0
0
0
1093
1094
1095
0
1096
0
1097
0
1098
1099
1100
0
0
1101
1102
0
0
1266
0
0
0
1103
1104
0
1105
1106
0
0
0
0
1267
1107
1108
1109
1110
1268
1111
1112
1113
1114
0
0
1115
1269
1311
1270
0
1116
1117
0
1118
0
0
1119
1302
